{
  "advancedEditorSelectedIdentifier" : "BehaviorsPluginID",
  "openSceneRelativePaths" : [
    "Immersive.usda",
    "TestScene.usda",
    "Test3.usda",
    "Test4.usda"
  ],
  "recentIdentifiers" : {
    "962C490F-809E-4FE7-95BB-F1AF3EAE8A75" : [

    ]
  },
  "sceneCameraHistory" : {
    "962C490F-809E-4FE7-95BB-F1AF3EAE8A75" : [
      {
        "date" : 774892143.955448,
        "title" : "Untitled",
        "transform" : [
          -0.83127224,
          -8.773956e-09,
          -0.5558656,
          0,
          -0.25581288,
          0.88781196,
          0.38255683,
          0,
          0.4935041,
          0.4602064,
          -0.7380134,
          0,
          -0.55871385,
          1.3443716,
          0.44708788,
          1
        ]
      },
      {
        "date" : 774892123.441822,
        "title" : "Untitled",
        "transform" : [
          -0.8616763,
          1.7713117e-10,
          -0.50745827,
          0,
          0.027086202,
          0.9985745,
          -0.04599297,
          0,
          0.50673485,
          -0.05337621,
          -0.86044806,
          0,
          -0.426704,
          0.9212641,
          0.2771693,
          1
        ]
      },
      {
        "date" : 774892120.195089,
        "title" : "Untitled",
        "transform" : [
          -0.8616764,
          1.771312e-10,
          -0.5074583,
          0,
          0.027086202,
          0.9985745,
          -0.04599297,
          0,
          0.50673485,
          -0.05337621,
          -0.86044806,
          0,
          -0.37567228,
          1.108779,
          0.29559076,
          1
        ]
      },
      {
        "date" : 774891844.239417,
        "title" : "Untitled",
        "transform" : [
          -0.8942851,
          -7.919896e-09,
          0.44749776,
          0,
          0.17307058,
          0.9221839,
          0.34586632,
          0,
          -0.4126753,
          0.38675174,
          -0.82469517,
          0,
          -1.332178,
          1.6035695,
          0.24755615,
          1
        ]
      },
      {
        "date" : 774871267.747793,
        "title" : "Untitled",
        "transform" : [
          -0.5522375,
          -6.857751e-09,
          0.83368677,
          0,
          0.35467547,
          0.90499127,
          0.23493847,
          0,
          -0.75447935,
          0.42543003,
          -0.49977005,
          0,
          -1.7024767,
          2.7226696,
          -1.0352237,
          1
        ]
      },
      {
        "date" : 774871172.481814,
        "title" : "Untitled",
        "transform" : [
          -0.5522375,
          -6.857751e-09,
          0.83368677,
          0,
          0.35467547,
          0.90499127,
          0.23493847,
          0,
          -0.75447935,
          0.42543003,
          -0.49977005,
          0,
          -7.9385605,
          11.418974,
          -4.463699,
          1
        ]
      },
      {
        "date" : 774871022.583814,
        "title" : "Untitled",
        "transform" : [
          -0.5522376,
          -6.8577517e-09,
          0.8336869,
          0,
          0.35467547,
          0.90499127,
          0.23493847,
          0,
          -0.75447935,
          0.42543003,
          -0.49977005,
          0,
          -1.0310211,
          1.659743,
          -0.5467485,
          1
        ]
      },
      {
        "date" : 774871012.202002,
        "title" : "Untitled",
        "transform" : [
          -0.8975637,
          -1.4331134e-08,
          -0.44088495,
          0,
          -0.003680438,
          0.99996513,
          0.007492632,
          0,
          0.44086957,
          0.008347611,
          -0.8975324,
          0,
          -0.2832929,
          0.02410078,
          -0.34072477,
          1
        ]
      },
      {
        "date" : 774871010.599767,
        "title" : "Untitled",
        "transform" : [
          -0.8975637,
          -1.4331134e-08,
          -0.44088495,
          0,
          -0.003680438,
          0.99996513,
          0.007492632,
          0,
          0.44086957,
          0.008347611,
          -0.8975324,
          0,
          -0.1990261,
          0.44684768,
          -0.24141517,
          1
        ]
      },
      {
        "date" : 774870951.817595,
        "title" : "Untitled",
        "transform" : [
          -0.9788087,
          8.0080484e-09,
          -0.20477715,
          0,
          -0.12913689,
          0.7760906,
          0.6172576,
          0,
          0.15892567,
          0.63062125,
          -0.7596444,
          0,
          -0.8052422,
          1.4566662,
          0.10426533,
          1
        ]
      }
    ],
    "BC411585-85AB-4E63-A88A-07376BBF70CC" : [
      {
        "date" : 774871257.132904,
        "title" : "Untitled",
        "transform" : [
          -0.8708077,
          -9.3849355e-09,
          -0.49162388,
          0,
          -0.31727928,
          0.7638702,
          0.5619931,
          0,
          0.3755368,
          0.64536995,
          -0.6651841,
          0,
          2.5105066,
          5.809979,
          -4.116275,
          1
        ]
      },
      {
        "date" : 774871255.549487,
        "title" : "Untitled",
        "transform" : [
          -0.8708077,
          -9.3849355e-09,
          -0.49162388,
          0,
          -0.31727928,
          0.7638702,
          0.5619931,
          0,
          0.3755368,
          0.64536995,
          -0.6651841,
          0,
          1.667294,
          7.0306025,
          -3.408055,
          1
        ]
      },
      {
        "date" : 774871159.598679,
        "title" : "Untitled",
        "transform" : [
          -0.8708076,
          -9.384935e-09,
          -0.49162382,
          0,
          -0.31727928,
          0.7638702,
          0.5619931,
          0,
          0.3755368,
          0.64536995,
          -0.6651841,
          0,
          0.9942203,
          7.8416123,
          -3.0011938,
          1
        ]
      },
      {
        "date" : 774871132.232636,
        "title" : "Untitled",
        "transform" : [
          0.082674965,
          -1.2677147e-08,
          0.9965765,
          0,
          0.14735837,
          0.98900765,
          -0.012224687,
          0,
          -0.9856218,
          0.14786454,
          0.08176625,
          0,
          -6.502329,
          5.094927,
          1.1512048,
          1
        ]
      },
      {
        "date" : 774871119.565731,
        "title" : "Untitled",
        "transform" : [
          0.082674965,
          -1.2677147e-08,
          0.9965765,
          0,
          0.14735837,
          0.98900765,
          -0.012224687,
          0,
          -0.9856218,
          0.14786454,
          0.08176625,
          0,
          -2.145614,
          1.5322473,
          0.35410294,
          1
        ]
      },
      {
        "date" : 774871114.099507,
        "title" : "Untitled",
        "transform" : [
          -0.93468165,
          -1.2024847e-08,
          -0.35548574,
          0,
          -0.15064977,
          0.90576255,
          0.39610466,
          0,
          0.3219856,
          0.4237856,
          -0.8465997,
          0,
          0.45463097,
          2.1013243,
          -1.6890618,
          1
        ]
      },
      {
        "date" : 774775128.247738,
        "title" : "Untitled",
        "transform" : [
          -0.93468165,
          -1.2024847e-08,
          -0.35548574,
          0,
          -0.15064977,
          0.90576255,
          0.39610466,
          0,
          0.3219856,
          0.4237856,
          -0.8465997,
          0,
          -0.5668514,
          2.4438186,
          0.15157056,
          1
        ]
      },
      {
        "date" : 774697314.72017,
        "title" : "Untitled",
        "transform" : [
          -0.93468165,
          -1.2024847e-08,
          -0.35548574,
          0,
          -0.15064977,
          0.90576255,
          0.39610466,
          0,
          0.3219856,
          0.4237856,
          -0.8465997,
          0,
          -0.39643955,
          1.9803344,
          -0.015625715,
          1
        ]
      },
      {
        "date" : 774696459.027732,
        "title" : "Untitled",
        "transform" : [
          -0.93114334,
          -1.2024847e-08,
          -0.36465323,
          0,
          -0.15453483,
          0.90576255,
          0.3946052,
          0,
          0.33028916,
          0.4237856,
          -0.8433948,
          0,
          -0.11724424,
          2.4850628,
          -0.8745141,
          1
        ]
      },
      {
        "date" : 774696455.984213,
        "title" : "Untitled",
        "transform" : [
          -0.93114346,
          -1.2024849e-08,
          -0.36465326,
          0,
          -0.15453485,
          0.9057627,
          0.39460525,
          0,
          0.33028916,
          0.4237856,
          -0.8433948,
          0,
          0.09346473,
          2.3201504,
          -0.8748611,
          1
        ]
      }
    ]
  },
  "sceneViewportBackgroundColors" : {

  },
  "selectedSceneRelativePath" : "Test3.usda"
}