{
  "advancedEditorSelectedIdentifier" : "ProjectBrowser",
  "openSceneRelativePaths" : [
    "Immersive.usda",
    "TestScene.usda",
    "Test3.usda",
    "Test4.usda"
  ],
  "recentIdentifiers" : {
    "962C490F-809E-4FE7-95BB-F1AF3EAE8A75" : [

    ]
  },
  "sceneCameraHistory" : {
    "962C490F-809E-4FE7-95BB-F1AF3EAE8A75" : [
      {
        "date" : 774870830.063459,
        "title" : "Untitled",
        "transform" : [
          0.90535665,
          1.6787474e-09,
          -0.42465207,
          0,
          -0.3676061,
          0.5006249,
          -0.78373504,
          0,
          0.2125914,
          0.86566436,
          0.45324412,
          0,
          -1.5682023,
          1.7501147,
          0.15644553,
          1
        ]
      },
      {
        "date" : 774865112.293457,
        "title" : "Untitled",
        "transform" : [
          0.90535665,
          1.6787474e-09,
          -0.42465207,
          0,
          -0.3676061,
          0.5006249,
          -0.78373504,
          0,
          0.2125914,
          0.86566436,
          0.45324412,
          0,
          -1.551414,
          1.6340086,
          0.37032512,
          1
        ]
      },
      {
        "date" : 774865099.667781,
        "title" : "Untitled",
        "transform" : [
          0.1744434,
          -1.8556315e-09,
          -0.9846672,
          0,
          -0.7420132,
          0.6573705,
          -0.13145499,
          0,
          0.6472912,
          0.7535675,
          0.114674,
          0,
          -1.2055867,
          1.4972106,
          -0.18433547,
          1
        ]
      },
      {
        "date" : 774865038.682165,
        "title" : "Untitled",
        "transform" : [
          0.9724065,
          -1.4460433e-09,
          -0.23329303,
          0,
          -0.18266648,
          0.6220316,
          -0.76138663,
          0,
          0.1451156,
          0.7829921,
          0.60486764,
          0,
          -1.6469289,
          1.5094407,
          0.18502781,
          1
        ]
      },
      {
        "date" : 774865033.807323,
        "title" : "Untitled",
        "transform" : [
          0.9148829,
          -1.0832535e-09,
          -0.4037194,
          0,
          -0.40140343,
          0.10695673,
          -0.9096348,
          0,
          0.043180496,
          0.9942637,
          0.097852975,
          0,
          -1.6936829,
          1.5213577,
          0.04559481,
          1
        ]
      },
      {
        "date" : 774865028.2579,
        "title" : "Untitled",
        "transform" : [
          0.9148829,
          -1.0832535e-09,
          -0.4037194,
          0,
          -0.40140343,
          0.10695673,
          -0.9096348,
          0,
          0.043180496,
          0.9942637,
          0.097852975,
          0,
          -1.7959031,
          1.5268685,
          0.03470719,
          1
        ]
      },
      {
        "date" : 774865005.998476,
        "title" : "Untitled",
        "transform" : [
          0.1328751,
          3.0067895e-09,
          -0.9911328,
          0,
          -0.9324067,
          0.33910498,
          -0.12500212,
          0,
          0.33609813,
          0.9407486,
          0.045058664,
          0,
          -0.7182612,
          2.1877472,
          0.0069710016,
          1
        ]
      },
      {
        "date" : 774864988.68328,
        "title" : "Untitled",
        "transform" : [
          0.1328751,
          3.0067895e-09,
          -0.9911328,
          0,
          -0.9324067,
          0.33910498,
          -0.12500212,
          0,
          0.33609813,
          0.9407486,
          0.045058664,
          0,
          -0.7777125,
          1.4125419,
          1.2439177,
          1
        ]
      },
      {
        "date" : 774864983.600604,
        "title" : "Untitled",
        "transform" : [
          0.1328751,
          3.0067895e-09,
          -0.9911328,
          0,
          -0.9324067,
          0.33910498,
          -0.12500212,
          0,
          0.33609813,
          0.9407486,
          0.045058664,
          0,
          -0.79537547,
          1.6848336,
          1.2092279,
          1
        ]
      },
      {
        "date" : 774864977.541736,
        "title" : "Untitled",
        "transform" : [
          -0.8013063,
          2.1704594e-10,
          -0.5982544,
          0,
          -0.4570492,
          0.64525026,
          0.6121749,
          0,
          0.38602388,
          0.76397127,
          -0.5170431,
          0,
          -1.085465,
          0.9777848,
          1.1322385,
          1
        ]
      }
    ],
    "BC411585-85AB-4E63-A88A-07376BBF70CC" : [
      {
        "date" : 774775128.247738,
        "title" : "Untitled",
        "transform" : [
          -0.93468165,
          -1.2024847e-08,
          -0.35548574,
          0,
          -0.15064977,
          0.90576255,
          0.39610466,
          0,
          0.3219856,
          0.4237856,
          -0.8465997,
          0,
          -0.5668514,
          2.4438186,
          0.15157056,
          1
        ]
      },
      {
        "date" : 774697314.72017,
        "title" : "Untitled",
        "transform" : [
          -0.93468165,
          -1.2024847e-08,
          -0.35548574,
          0,
          -0.15064977,
          0.90576255,
          0.39610466,
          0,
          0.3219856,
          0.4237856,
          -0.8465997,
          0,
          -0.39643955,
          1.9803344,
          -0.015625715,
          1
        ]
      },
      {
        "date" : 774696459.027732,
        "title" : "Untitled",
        "transform" : [
          -0.93114334,
          -1.2024847e-08,
          -0.36465323,
          0,
          -0.15453483,
          0.90576255,
          0.3946052,
          0,
          0.33028916,
          0.4237856,
          -0.8433948,
          0,
          -0.11724424,
          2.4850628,
          -0.8745141,
          1
        ]
      },
      {
        "date" : 774696455.984213,
        "title" : "Untitled",
        "transform" : [
          -0.93114346,
          -1.2024849e-08,
          -0.36465326,
          0,
          -0.15453485,
          0.9057627,
          0.39460525,
          0,
          0.33028916,
          0.4237856,
          -0.8433948,
          0,
          0.09346473,
          2.3201504,
          -0.8748611,
          1
        ]
      },
      {
        "date" : 774696452.990084,
        "title" : "Untitled",
        "transform" : [
          -0.96622914,
          -2.210301e-08,
          -0.25768515,
          0,
          -0.24815224,
          0.2694812,
          0.930484,
          0,
          0.069441244,
          0.9630056,
          -0.2603806,
          0,
          -0.5221216,
          3.7120173,
          0.4540438,
          1
        ]
      },
      {
        "date" : 774696450.112205,
        "title" : "Untitled",
        "transform" : [
          -0.38905945,
          -1.2429792e-08,
          -0.92121273,
          0,
          -0.5335723,
          0.8151809,
          0.22534567,
          0,
          0.7509549,
          0.57920635,
          -0.31715384,
          0,
          1.0879943,
          2.7806177,
          0.3665905,
          1
        ]
      },
      {
        "date" : 774696446.293464,
        "title" : "Untitled",
        "transform" : [
          -0.9032859,
          -1.2501695e-08,
          -0.42903912,
          0,
          -0.25677094,
          0.8011384,
          0.54059756,
          0,
          0.34371978,
          0.5984789,
          -0.72365713,
          0,
          0.6365421,
          3.7976172,
          -1.6045514,
          1
        ]
      },
      {
        "date" : 774696443.00359,
        "title" : "Untitled",
        "transform" : [
          -0.9130376,
          -9.829863e-09,
          -0.40787545,
          0,
          -0.2795135,
          0.72826904,
          0.62569666,
          0,
          0.2970431,
          0.68529123,
          -0.6649371,
          0,
          0.49908113,
          4.0648437,
          -1.4372971,
          1
        ]
      },
      {
        "date" : 774696420.050661,
        "title" : "Untitled",
        "transform" : [
          -0.8962572,
          -5.8380483e-09,
          -0.44353467,
          0,
          -0.3516725,
          0.6093698,
          0.7106299,
          0,
          0.2702767,
          0.7928861,
          -0.5461522,
          0,
          0.4074444,
          4.3692307,
          -1.0674345,
          1
        ]
      },
      {
        "date" : 774696414.162697,
        "title" : "Untitled",
        "transform" : [
          1,
          0,
          0,
          0,
          0,
          0.7071069,
          -0.70710677,
          0,
          0,
          0.70710677,
          0.7071069,
          0,
          0.108269334,
          5.1435356,
          2.6536188,
          1
        ]
      }
    ]
  },
  "sceneViewportBackgroundColors" : {

  },
  "selectedSceneRelativePath" : "Test3.usda"
}