{
  "advancedEditorSelectedIdentifier" : "ProjectBrowser",
  "openSceneRelativePaths" : [
    "Immersive.usda",
    "TestScene.usda",
    "Test3.usda",
    "Test4.usda"
  ],
  "recentIdentifiers" : {
    "962C490F-809E-4FE7-95BB-F1AF3EAE8A75" : [

    ]
  },
  "sceneCameraHistory" : {
    "962C490F-809E-4FE7-95BB-F1AF3EAE8A75" : [
      {
        "date" : 775308059.669664,
        "title" : "Untitled",
        "transform" : [
          -0.4705637,
          -2.7532357e-08,
          -0.8823661,
          0,
          -0.3628892,
          0.91151434,
          0.1935279,
          0,
          0.8042894,
          0.4112683,
          -0.4289256,
          0,
          1.6016564,
          2.3150113,
          -0.2703135,
          1
        ]
      },
      {
        "date" : 775308053.716881,
        "title" : "Untitled",
        "transform" : [
          -0.4709137,
          -2.7532357e-08,
          -0.8821793,
          0,
          -0.36281237,
          0.91151434,
          0.19367185,
          0,
          0.8041191,
          0.4112683,
          -0.42924464,
          0,
          -1.2062917,
          1.6723897,
          0.025147557,
          1
        ]
      },
      {
        "date" : 775307887.505738,
        "title" : "Untitled",
        "transform" : [
          -0.4709137,
          -2.7532357e-08,
          -0.8821793,
          0,
          -0.36281237,
          0.91151434,
          0.19367185,
          0,
          0.8041191,
          0.4112683,
          -0.42924464,
          0,
          -1.0793462,
          1.4942224,
          0.09225249,
          1
        ]
      },
      {
        "date" : 775307877.374803,
        "title" : "Untitled",
        "transform" : [
          -0.4709137,
          -2.7532357e-08,
          -0.8821793,
          0,
          -0.36281237,
          0.91151434,
          0.19367185,
          0,
          0.8041191,
          0.4112683,
          -0.42924464,
          0,
          -1.1838655,
          1.6670755,
          0.062067747,
          1
        ]
      },
      {
        "date" : 775307872.223569,
        "title" : "Untitled",
        "transform" : [
          -0.4709137,
          -2.7532357e-08,
          -0.8821793,
          0,
          -0.36281237,
          0.91151434,
          0.19367185,
          0,
          0.8041191,
          0.4112683,
          -0.42924464,
          0,
          -1.0761404,
          1.596459,
          0.19621274,
          1
        ]
      },
      {
        "date" : 775307865.898741,
        "title" : "Untitled",
        "transform" : [
          -0.4709137,
          -2.7532357e-08,
          -0.8821793,
          0,
          -0.36281237,
          0.91151434,
          0.19367185,
          0,
          0.8041191,
          0.4112683,
          -0.42924464,
          0,
          -0.57728815,
          1.851598,
          -0.070078254,
          1
        ]
      },
      {
        "date" : 775307861.136853,
        "title" : "Untitled",
        "transform" : [
          -0.4709137,
          -2.7532357e-08,
          -0.8821793,
          0,
          -0.36281237,
          0.91151434,
          0.19367185,
          0,
          0.8041191,
          0.4112683,
          -0.42924464,
          0,
          -0.7409749,
          2.0305579,
          -0.20525241,
          1
        ]
      },
      {
        "date" : 775307852.485886,
        "title" : "Untitled",
        "transform" : [
          -0.4709137,
          -2.7532357e-08,
          -0.8821793,
          0,
          -0.36281237,
          0.91151434,
          0.19367185,
          0,
          0.8041191,
          0.4112683,
          -0.42924464,
          0,
          -0.54320216,
          2.1809363,
          0.30812526,
          1
        ]
      },
      {
        "date" : 775307829.335704,
        "title" : "Untitled",
        "transform" : [
          -0.4709137,
          -2.7532357e-08,
          -0.8821793,
          0,
          -0.36281237,
          0.91151434,
          0.19367185,
          0,
          0.8041191,
          0.4112683,
          -0.42924464,
          0,
          -0.08776277,
          1.9622661,
          -0.7633014,
          1
        ]
      },
      {
        "date" : 775307823.286153,
        "title" : "Untitled",
        "transform" : [
          -0.4720575,
          -2.7532357e-08,
          -0.8815678,
          0,
          -0.36256087,
          0.91151434,
          0.19414225,
          0,
          0.8035617,
          0.4112683,
          -0.4302872,
          0,
          -0.40681148,
          1.800336,
          -0.5988574,
          1
        ]
      }
    ],
    "BC411585-85AB-4E63-A88A-07376BBF70CC" : [
      {
        "date" : 774871257.132904,
        "title" : "Untitled",
        "transform" : [
          -0.8708077,
          -9.3849355e-09,
          -0.49162388,
          0,
          -0.31727928,
          0.7638702,
          0.5619931,
          0,
          0.3755368,
          0.64536995,
          -0.6651841,
          0,
          2.5105066,
          5.809979,
          -4.116275,
          1
        ]
      },
      {
        "date" : 774871255.549487,
        "title" : "Untitled",
        "transform" : [
          -0.8708077,
          -9.3849355e-09,
          -0.49162388,
          0,
          -0.31727928,
          0.7638702,
          0.5619931,
          0,
          0.3755368,
          0.64536995,
          -0.6651841,
          0,
          1.667294,
          7.0306025,
          -3.408055,
          1
        ]
      },
      {
        "date" : 774871159.598679,
        "title" : "Untitled",
        "transform" : [
          -0.8708076,
          -9.384935e-09,
          -0.49162382,
          0,
          -0.31727928,
          0.7638702,
          0.5619931,
          0,
          0.3755368,
          0.64536995,
          -0.6651841,
          0,
          0.9942203,
          7.8416123,
          -3.0011938,
          1
        ]
      },
      {
        "date" : 774871132.232636,
        "title" : "Untitled",
        "transform" : [
          0.082674965,
          -1.2677147e-08,
          0.9965765,
          0,
          0.14735837,
          0.98900765,
          -0.012224687,
          0,
          -0.9856218,
          0.14786454,
          0.08176625,
          0,
          -6.502329,
          5.094927,
          1.1512048,
          1
        ]
      },
      {
        "date" : 774871119.565731,
        "title" : "Untitled",
        "transform" : [
          0.082674965,
          -1.2677147e-08,
          0.9965765,
          0,
          0.14735837,
          0.98900765,
          -0.012224687,
          0,
          -0.9856218,
          0.14786454,
          0.08176625,
          0,
          -2.145614,
          1.5322473,
          0.35410294,
          1
        ]
      },
      {
        "date" : 774871114.099507,
        "title" : "Untitled",
        "transform" : [
          -0.93468165,
          -1.2024847e-08,
          -0.35548574,
          0,
          -0.15064977,
          0.90576255,
          0.39610466,
          0,
          0.3219856,
          0.4237856,
          -0.8465997,
          0,
          0.45463097,
          2.1013243,
          -1.6890618,
          1
        ]
      },
      {
        "date" : 774775128.247738,
        "title" : "Untitled",
        "transform" : [
          -0.93468165,
          -1.2024847e-08,
          -0.35548574,
          0,
          -0.15064977,
          0.90576255,
          0.39610466,
          0,
          0.3219856,
          0.4237856,
          -0.8465997,
          0,
          -0.5668514,
          2.4438186,
          0.15157056,
          1
        ]
      },
      {
        "date" : 774697314.72017,
        "title" : "Untitled",
        "transform" : [
          -0.93468165,
          -1.2024847e-08,
          -0.35548574,
          0,
          -0.15064977,
          0.90576255,
          0.39610466,
          0,
          0.3219856,
          0.4237856,
          -0.8465997,
          0,
          -0.39643955,
          1.9803344,
          -0.015625715,
          1
        ]
      },
      {
        "date" : 774696459.027732,
        "title" : "Untitled",
        "transform" : [
          -0.93114334,
          -1.2024847e-08,
          -0.36465323,
          0,
          -0.15453483,
          0.90576255,
          0.3946052,
          0,
          0.33028916,
          0.4237856,
          -0.8433948,
          0,
          -0.11724424,
          2.4850628,
          -0.8745141,
          1
        ]
      },
      {
        "date" : 774696455.984213,
        "title" : "Untitled",
        "transform" : [
          -0.93114346,
          -1.2024849e-08,
          -0.36465326,
          0,
          -0.15453485,
          0.9057627,
          0.39460525,
          0,
          0.33028916,
          0.4237856,
          -0.8433948,
          0,
          0.09346473,
          2.3201504,
          -0.8748611,
          1
        ]
      }
    ]
  },
  "sceneViewportBackgroundColors" : {

  },
  "selectedSceneRelativePath" : "Test3.usda"
}