{
  "advancedEditorSelectedIdentifier" : "BehaviorsPluginID",
  "openSceneRelativePaths" : [
    "Immersive.usda",
    "TestScene.usda",
    "Test3.usda"
  ],
  "recentIdentifiers" : {
    "962C490F-809E-4FE7-95BB-F1AF3EAE8A75" : [

    ]
  },
  "sceneCameraHistory" : {
    "962C490F-809E-4FE7-95BB-F1AF3EAE8A75" : [
      {
        "date" : 774775579.113876,
        "title" : "Untitled",
        "transform" : [
          -0.88143104,
          -1.0528517e-08,
          -0.47231284,
          0,
          -0.29649383,
          0.77841604,
          0.5533172,
          0,
          0.36765596,
          0.6277487,
          -0.68612003,
          0,
          -0.91578203,
          1.4236898,
          0.4541813,
          1
        ]
      },
      {
        "date" : 774775538.161372,
        "title" : "Untitled",
        "transform" : [
          -0.88143104,
          -1.0528517e-08,
          -0.47231284,
          0,
          -0.29649383,
          0.77841604,
          0.5533172,
          0,
          0.36765596,
          0.6277487,
          -0.68612003,
          0,
          -0.84471345,
          1.5070955,
          0.26020187,
          1
        ]
      },
      {
        "date" : 774775515.797126,
        "title" : "Untitled",
        "transform" : [
          -0.88143104,
          -1.0528517e-08,
          -0.47231284,
          0,
          -0.29649383,
          0.77841604,
          0.5533172,
          0,
          0.36765596,
          0.6277487,
          -0.68612003,
          0,
          -0.67677283,
          1.6911438,
          -0.6390481,
          1
        ]
      },
      {
        "date" : 774775509.444227,
        "title" : "Untitled",
        "transform" : [
          -0.072972596,
          -2.006263e-08,
          -0.99733394,
          0,
          -0.916625,
          0.39408186,
          0.067067266,
          0,
          0.39303133,
          0.9190753,
          -0.028757114,
          0,
          0.44265258,
          2.7824178,
          0.056488276,
          1
        ]
      },
      {
        "date" : 774775507.512127,
        "title" : "Untitled",
        "transform" : [
          -0.13004959,
          -2.0854086e-08,
          -0.9915076,
          0,
          -0.7868383,
          0.60846907,
          0.1032044,
          0,
          0.6033017,
          0.7935776,
          -0.07913108,
          0,
          0.7621167,
          2.331377,
          -0.080023766,
          1
        ]
      },
      {
        "date" : 774775504.02397,
        "title" : "Untitled",
        "transform" : [
          -0.90626055,
          -2.1333637e-08,
          -0.42271963,
          0,
          -0.38026047,
          0.4368034,
          0.815233,
          0,
          0.18464547,
          0.899557,
          -0.3958577,
          0,
          -1.1556605,
          2.7048292,
          -0.8718529,
          1
        ]
      },
      {
        "date" : 774775500.168074,
        "title" : "Untitled",
        "transform" : [
          0.31682754,
          -2.1771172e-08,
          -0.94848317,
          0,
          -0.81978065,
          0.5029646,
          -0.27383637,
          0,
          0.4770535,
          0.864307,
          0.15935315,
          0,
          0.98952204,
          2.5662212,
          0.88343,
          1
        ]
      },
      {
        "date" : 774775487.371994,
        "title" : "Untitled",
        "transform" : [
          -0.6018817,
          -1.5450349e-08,
          -0.7985853,
          0,
          -0.5091295,
          0.77041787,
          0.38372305,
          0,
          0.6152445,
          0.6375392,
          -0.46370032,
          0,
          0.5724,
          1.8659475,
          -0.9029145,
          1
        ]
      },
      {
        "date" : 774775356.519684,
        "title" : "Untitled",
        "transform" : [
          -0.6735783,
          -3.8968118e-08,
          -0.7391159,
          0,
          0.37599218,
          0.8609407,
          -0.34265298,
          0,
          0.63633496,
          -0.50870544,
          -0.5799108,
          0,
          0.5721786,
          1.033484,
          -1.2894752,
          1
        ]
      },
      {
        "date" : 774775341.387409,
        "title" : "Untitled",
        "transform" : [
          -0.9184407,
          2.4662157e-09,
          -0.39555877,
          0,
          -0.2760475,
          0.7162273,
          0.6409495,
          0,
          0.28331006,
          0.69786704,
          -0.6578123,
          0,
          -0.6053374,
          1.8918284,
          -0.35648322,
          1
        ]
      }
    ],
    "BC411585-85AB-4E63-A88A-07376BBF70CC" : [
      {
        "date" : 774775128.247738,
        "title" : "Untitled",
        "transform" : [
          -0.93468165,
          -1.2024847e-08,
          -0.35548574,
          0,
          -0.15064977,
          0.90576255,
          0.39610466,
          0,
          0.3219856,
          0.4237856,
          -0.8465997,
          0,
          -0.5668514,
          2.4438186,
          0.15157056,
          1
        ]
      },
      {
        "date" : 774697314.72017,
        "title" : "Untitled",
        "transform" : [
          -0.93468165,
          -1.2024847e-08,
          -0.35548574,
          0,
          -0.15064977,
          0.90576255,
          0.39610466,
          0,
          0.3219856,
          0.4237856,
          -0.8465997,
          0,
          -0.39643955,
          1.9803344,
          -0.015625715,
          1
        ]
      },
      {
        "date" : 774696459.027732,
        "title" : "Untitled",
        "transform" : [
          -0.93114334,
          -1.2024847e-08,
          -0.36465323,
          0,
          -0.15453483,
          0.90576255,
          0.3946052,
          0,
          0.33028916,
          0.4237856,
          -0.8433948,
          0,
          -0.11724424,
          2.4850628,
          -0.8745141,
          1
        ]
      },
      {
        "date" : 774696455.984213,
        "title" : "Untitled",
        "transform" : [
          -0.93114346,
          -1.2024849e-08,
          -0.36465326,
          0,
          -0.15453485,
          0.9057627,
          0.39460525,
          0,
          0.33028916,
          0.4237856,
          -0.8433948,
          0,
          0.09346473,
          2.3201504,
          -0.8748611,
          1
        ]
      },
      {
        "date" : 774696452.990084,
        "title" : "Untitled",
        "transform" : [
          -0.96622914,
          -2.210301e-08,
          -0.25768515,
          0,
          -0.24815224,
          0.2694812,
          0.930484,
          0,
          0.069441244,
          0.9630056,
          -0.2603806,
          0,
          -0.5221216,
          3.7120173,
          0.4540438,
          1
        ]
      },
      {
        "date" : 774696450.112205,
        "title" : "Untitled",
        "transform" : [
          -0.38905945,
          -1.2429792e-08,
          -0.92121273,
          0,
          -0.5335723,
          0.8151809,
          0.22534567,
          0,
          0.7509549,
          0.57920635,
          -0.31715384,
          0,
          1.0879943,
          2.7806177,
          0.3665905,
          1
        ]
      },
      {
        "date" : 774696446.293464,
        "title" : "Untitled",
        "transform" : [
          -0.9032859,
          -1.2501695e-08,
          -0.42903912,
          0,
          -0.25677094,
          0.8011384,
          0.54059756,
          0,
          0.34371978,
          0.5984789,
          -0.72365713,
          0,
          0.6365421,
          3.7976172,
          -1.6045514,
          1
        ]
      },
      {
        "date" : 774696443.00359,
        "title" : "Untitled",
        "transform" : [
          -0.9130376,
          -9.829863e-09,
          -0.40787545,
          0,
          -0.2795135,
          0.72826904,
          0.62569666,
          0,
          0.2970431,
          0.68529123,
          -0.6649371,
          0,
          0.49908113,
          4.0648437,
          -1.4372971,
          1
        ]
      },
      {
        "date" : 774696420.050661,
        "title" : "Untitled",
        "transform" : [
          -0.8962572,
          -5.8380483e-09,
          -0.44353467,
          0,
          -0.3516725,
          0.6093698,
          0.7106299,
          0,
          0.2702767,
          0.7928861,
          -0.5461522,
          0,
          0.4074444,
          4.3692307,
          -1.0674345,
          1
        ]
      },
      {
        "date" : 774696414.162697,
        "title" : "Untitled",
        "transform" : [
          1,
          0,
          0,
          0,
          0,
          0.7071069,
          -0.70710677,
          0,
          0,
          0.70710677,
          0.7071069,
          0,
          0.108269334,
          5.1435356,
          2.6536188,
          1
        ]
      }
    ]
  },
  "sceneViewportBackgroundColors" : {

  },
  "selectedSceneRelativePath" : "Test3.usda"
}