{
  "advancedEditorSelectedIdentifier" : "ProjectBrowser",
  "openSceneRelativePaths" : [
    "Immersive.usda",
    "TestScene.usda"
  ],
  "recentIdentifiers" : {

  },
  "sceneCameraHistory" : {
    "BC411585-85AB-4E63-A88A-07376BBF70CC" : [
      {
        "date" : 774696459.027732,
        "title" : "Untitled",
        "transform" : [
          -0.93114334,
          -1.2024847e-08,
          -0.36465323,
          0,
          -0.15453483,
          0.90576255,
          0.3946052,
          0,
          0.33028916,
          0.4237856,
          -0.8433948,
          0,
          -0.11724424,
          2.4850628,
          -0.8745141,
          1
        ]
      },
      {
        "date" : 774696455.984213,
        "title" : "Untitled",
        "transform" : [
          -0.93114346,
          -1.2024849e-08,
          -0.36465326,
          0,
          -0.15453485,
          0.9057627,
          0.39460525,
          0,
          0.33028916,
          0.4237856,
          -0.8433948,
          0,
          0.09346473,
          2.3201504,
          -0.8748611,
          1
        ]
      },
      {
        "date" : 774696452.990084,
        "title" : "Untitled",
        "transform" : [
          -0.96622914,
          -2.210301e-08,
          -0.25768515,
          0,
          -0.24815224,
          0.2694812,
          0.930484,
          0,
          0.069441244,
          0.9630056,
          -0.2603806,
          0,
          -0.5221216,
          3.7120173,
          0.4540438,
          1
        ]
      },
      {
        "date" : 774696450.112205,
        "title" : "Untitled",
        "transform" : [
          -0.38905945,
          -1.2429792e-08,
          -0.92121273,
          0,
          -0.5335723,
          0.8151809,
          0.22534567,
          0,
          0.7509549,
          0.57920635,
          -0.31715384,
          0,
          1.0879943,
          2.7806177,
          0.3665905,
          1
        ]
      },
      {
        "date" : 774696446.293464,
        "title" : "Untitled",
        "transform" : [
          -0.9032859,
          -1.2501695e-08,
          -0.42903912,
          0,
          -0.25677094,
          0.8011384,
          0.54059756,
          0,
          0.34371978,
          0.5984789,
          -0.72365713,
          0,
          0.6365421,
          3.7976172,
          -1.6045514,
          1
        ]
      },
      {
        "date" : 774696443.00359,
        "title" : "Untitled",
        "transform" : [
          -0.9130376,
          -9.829863e-09,
          -0.40787545,
          0,
          -0.2795135,
          0.72826904,
          0.62569666,
          0,
          0.2970431,
          0.68529123,
          -0.6649371,
          0,
          0.49908113,
          4.0648437,
          -1.4372971,
          1
        ]
      },
      {
        "date" : 774696420.050661,
        "title" : "Untitled",
        "transform" : [
          -0.8962572,
          -5.8380483e-09,
          -0.44353467,
          0,
          -0.3516725,
          0.6093698,
          0.7106299,
          0,
          0.2702767,
          0.7928861,
          -0.5461522,
          0,
          0.4074444,
          4.3692307,
          -1.0674345,
          1
        ]
      },
      {
        "date" : 774696414.162697,
        "title" : "Untitled",
        "transform" : [
          1,
          0,
          0,
          0,
          0,
          0.7071069,
          -0.70710677,
          0,
          0,
          0.70710677,
          0.7071069,
          0,
          0.108269334,
          5.1435356,
          2.6536188,
          1
        ]
      },
      {
        "date" : 774696402.656989,
        "title" : "Untitled",
        "transform" : [
          1,
          0,
          0,
          0,
          0,
          0.7071069,
          -0.70710677,
          0,
          0,
          0.70710677,
          0.7071069,
          0,
          0.108269334,
          7.1316504,
          4.6417336,
          1
        ]
      },
      {
        "date" : 774696401.357896,
        "title" : "Untitled",
        "transform" : [
          1,
          0,
          0,
          0,
          0,
          0.7071069,
          -0.70710677,
          0,
          0,
          0.70710677,
          0.7071069,
          0,
          -0.49191487,
          5.591251,
          6.182132,
          1
        ]
      }
    ]
  },
  "sceneViewportBackgroundColors" : {

  },
  "selectedSceneRelativePath" : "TestScene.usda"
}