{
  "advancedEditorSelectedIdentifier" : "ProjectBrowser",
  "openSceneRelativePaths" : [
    "Immersive.usda",
    "TestScene.usda",
    "Test3.usda",
    "Test4.usda"
  ],
  "recentIdentifiers" : {
    "962C490F-809E-4FE7-95BB-F1AF3EAE8A75" : [

    ]
  },
  "sceneCameraHistory" : {
    "962C490F-809E-4FE7-95BB-F1AF3EAE8A75" : [
      {
        "date" : 775038729.760833,
        "title" : "Untitled",
        "transform" : [
          0.17292386,
          -5.773555e-09,
          -0.98493516,
          0,
          -0.15276185,
          0.98789907,
          -0.026820222,
          0,
          0.97301656,
          0.1550984,
          0.17083131,
          0,
          0.7036475,
          1.6623547,
          0.4247774,
          1
        ]
      },
      {
        "date" : 775038718.670175,
        "title" : "Untitled",
        "transform" : [
          0.17292386,
          -5.773555e-09,
          -0.98493516,
          0,
          -0.15276185,
          0.98789907,
          -0.026820222,
          0,
          0.97301656,
          0.1550984,
          0.17083131,
          0,
          0.53540707,
          1.5804826,
          0.49156547,
          1
        ]
      },
      {
        "date" : 775038618.065844,
        "title" : "Untitled",
        "transform" : [
          0.17292386,
          -5.773555e-09,
          -0.98493516,
          0,
          -0.15276185,
          0.98789907,
          -0.026820222,
          0,
          0.97301656,
          0.1550984,
          0.17083131,
          0,
          0.052908897,
          1.3863697,
          -0.40416324,
          1
        ]
      },
      {
        "date" : 775038431.662774,
        "title" : "Untitled",
        "transform" : [
          0.17292386,
          -5.773555e-09,
          -0.98493516,
          0,
          -0.15276185,
          0.98789907,
          -0.026820222,
          0,
          0.97301656,
          0.1550984,
          0.17083131,
          0,
          0.25928688,
          1.3673509,
          -0.06655073,
          1
        ]
      },
      {
        "date" : 775038402.960931,
        "title" : "Untitled",
        "transform" : [
          -0.36057156,
          -2.4093048e-09,
          -0.9327316,
          0,
          -0.3427827,
          0.9300219,
          0.13251153,
          0,
          0.86746085,
          0.36750418,
          -0.33533946,
          0,
          -0.26787353,
          1.2796336,
          -0.78465474,
          1
        ]
      },
      {
        "date" : 775038375.622006,
        "title" : "Untitled",
        "transform" : [
          0.3009583,
          -2.794116e-09,
          -0.9536373,
          0,
          -0.28519675,
          0.95423365,
          -0.090005204,
          0,
          0.9099928,
          0.29906198,
          0.2871845,
          0,
          -0.26787353,
          1.2796336,
          -0.78465474,
          1
        ]
      },
      {
        "date" : 775038368.996599,
        "title" : "Untitled",
        "transform" : [
          0.3009583,
          -2.794116e-09,
          -0.9536373,
          0,
          -0.28519675,
          0.95423365,
          -0.090005204,
          0,
          0.9099928,
          0.29906198,
          0.2871845,
          0,
          1.1965263,
          2.2661269,
          -0.19916964,
          1
        ]
      },
      {
        "date" : 775038363.98897,
        "title" : "Untitled",
        "transform" : [
          0.3009583,
          -2.794116e-09,
          -0.9536373,
          0,
          -0.28519675,
          0.95423365,
          -0.090005204,
          0,
          0.9099928,
          0.29906198,
          0.2871845,
          0,
          -0.6262069,
          1.5879844,
          -0.6585628,
          1
        ]
      },
      {
        "date" : 775038354.097285,
        "title" : "Untitled",
        "transform" : [
          0.3009583,
          -2.794116e-09,
          -0.9536373,
          0,
          -0.28519675,
          0.95423365,
          -0.090005204,
          0,
          0.9099928,
          0.29906198,
          0.2871845,
          0,
          -0.6390391,
          1.5161418,
          -0.54308915,
          1
        ]
      },
      {
        "date" : 775038352.079458,
        "title" : "Untitled",
        "transform" : [
          0.3009583,
          -2.794116e-09,
          -0.9536373,
          0,
          -0.28519675,
          0.95423365,
          -0.090005204,
          0,
          0.9099928,
          0.29906198,
          0.2871845,
          0,
          -0.2459383,
          1.841838,
          -0.075656414,
          1
        ]
      }
    ],
    "BC411585-85AB-4E63-A88A-07376BBF70CC" : [
      {
        "date" : 774871257.132904,
        "title" : "Untitled",
        "transform" : [
          -0.8708077,
          -9.3849355e-09,
          -0.49162388,
          0,
          -0.31727928,
          0.7638702,
          0.5619931,
          0,
          0.3755368,
          0.64536995,
          -0.6651841,
          0,
          2.5105066,
          5.809979,
          -4.116275,
          1
        ]
      },
      {
        "date" : 774871255.549487,
        "title" : "Untitled",
        "transform" : [
          -0.8708077,
          -9.3849355e-09,
          -0.49162388,
          0,
          -0.31727928,
          0.7638702,
          0.5619931,
          0,
          0.3755368,
          0.64536995,
          -0.6651841,
          0,
          1.667294,
          7.0306025,
          -3.408055,
          1
        ]
      },
      {
        "date" : 774871159.598679,
        "title" : "Untitled",
        "transform" : [
          -0.8708076,
          -9.384935e-09,
          -0.49162382,
          0,
          -0.31727928,
          0.7638702,
          0.5619931,
          0,
          0.3755368,
          0.64536995,
          -0.6651841,
          0,
          0.9942203,
          7.8416123,
          -3.0011938,
          1
        ]
      },
      {
        "date" : 774871132.232636,
        "title" : "Untitled",
        "transform" : [
          0.082674965,
          -1.2677147e-08,
          0.9965765,
          0,
          0.14735837,
          0.98900765,
          -0.012224687,
          0,
          -0.9856218,
          0.14786454,
          0.08176625,
          0,
          -6.502329,
          5.094927,
          1.1512048,
          1
        ]
      },
      {
        "date" : 774871119.565731,
        "title" : "Untitled",
        "transform" : [
          0.082674965,
          -1.2677147e-08,
          0.9965765,
          0,
          0.14735837,
          0.98900765,
          -0.012224687,
          0,
          -0.9856218,
          0.14786454,
          0.08176625,
          0,
          -2.145614,
          1.5322473,
          0.35410294,
          1
        ]
      },
      {
        "date" : 774871114.099507,
        "title" : "Untitled",
        "transform" : [
          -0.93468165,
          -1.2024847e-08,
          -0.35548574,
          0,
          -0.15064977,
          0.90576255,
          0.39610466,
          0,
          0.3219856,
          0.4237856,
          -0.8465997,
          0,
          0.45463097,
          2.1013243,
          -1.6890618,
          1
        ]
      },
      {
        "date" : 774775128.247738,
        "title" : "Untitled",
        "transform" : [
          -0.93468165,
          -1.2024847e-08,
          -0.35548574,
          0,
          -0.15064977,
          0.90576255,
          0.39610466,
          0,
          0.3219856,
          0.4237856,
          -0.8465997,
          0,
          -0.5668514,
          2.4438186,
          0.15157056,
          1
        ]
      },
      {
        "date" : 774697314.72017,
        "title" : "Untitled",
        "transform" : [
          -0.93468165,
          -1.2024847e-08,
          -0.35548574,
          0,
          -0.15064977,
          0.90576255,
          0.39610466,
          0,
          0.3219856,
          0.4237856,
          -0.8465997,
          0,
          -0.39643955,
          1.9803344,
          -0.015625715,
          1
        ]
      },
      {
        "date" : 774696459.027732,
        "title" : "Untitled",
        "transform" : [
          -0.93114334,
          -1.2024847e-08,
          -0.36465323,
          0,
          -0.15453483,
          0.90576255,
          0.3946052,
          0,
          0.33028916,
          0.4237856,
          -0.8433948,
          0,
          -0.11724424,
          2.4850628,
          -0.8745141,
          1
        ]
      },
      {
        "date" : 774696455.984213,
        "title" : "Untitled",
        "transform" : [
          -0.93114346,
          -1.2024849e-08,
          -0.36465326,
          0,
          -0.15453485,
          0.9057627,
          0.39460525,
          0,
          0.33028916,
          0.4237856,
          -0.8433948,
          0,
          0.09346473,
          2.3201504,
          -0.8748611,
          1
        ]
      }
    ]
  },
  "sceneViewportBackgroundColors" : {

  },
  "selectedSceneRelativePath" : "Test3.usda"
}