{
  "advancedEditorSelectedIdentifier" : "ProjectBrowser",
  "openSceneRelativePaths" : [
    "Fog_Particle.usda",
    "BlackScene.usda"
  ],
  "recentIdentifiers" : {
    "705E5C8E-9454-40F8-A8ED-F1023A822663" : [

    ]
  },
  "sceneCameraHistory" : {
    "705E5C8E-9454-40F8-A8ED-F1023A822663" : [
      {
        "date" : 775382935.116075,
        "title" : "Untitled",
        "transform" : [
          0.9659474,
          -6.840217e-11,
          -0.2587385,
          0,
          -0.06155283,
          0.9712907,
          -0.22979498,
          0,
          0.25131026,
          0.2378959,
          0.9382157,
          0,
          481.70895,
          565.6089,
          1757.35,
          1
        ]
      },
      {
        "date" : 775382933.130647,
        "title" : "Untitled",
        "transform" : [
          0.973548,
          1.3193052e-09,
          -0.22848274,
          0,
          -0.08812788,
          0.9226205,
          -0.3755064,
          0,
          0.21080281,
          0.3857091,
          0.89821523,
          0,
          299.99005,
          897.2815,
          1664.4778,
          1
        ]
      },
      {
        "date" : 775382914.316842,
        "title" : "Untitled",
        "transform" : [
          0.973548,
          1.3193052e-09,
          -0.22848274,
          0,
          -0.08812788,
          0.9226205,
          -0.3755064,
          0,
          0.21080281,
          0.3857091,
          0.89821523,
          0,
          401.27954,
          734.71216,
          1710.5165,
          1
        ]
      },
      {
        "date" : 775382912.713521,
        "title" : "Untitled",
        "transform" : [
          0.973548,
          1.3193052e-09,
          -0.22848274,
          0,
          -0.08812788,
          0.9226205,
          -0.3755064,
          0,
          0.21080281,
          0.3857091,
          0.89821523,
          0,
          78.82833,
          144.32864,
          336.018,
          1
        ]
      },
      {
        "date" : 775382911.287395,
        "title" : "Untitled",
        "transform" : [
          0.9735479,
          1.3193051e-09,
          -0.22848271,
          0,
          -0.08812788,
          0.9226205,
          -0.3755064,
          0,
          0.21080281,
          0.3857091,
          0.89821523,
          0,
          54.61363,
          99.99338,
          232.79909,
          1
        ]
      },
      {
        "date" : 775382897.828355,
        "title" : "Untitled",
        "transform" : [
          0.9907633,
          1.3193051e-09,
          -0.13560216,
          0,
          -0.052303,
          0.9226205,
          -0.38214654,
          0,
          0.12510931,
          0.3857091,
          0.9140985,
          0,
          381.55338,
          1177.4209,
          2789.655,
          1
        ]
      },
      {
        "date" : 775382891.031849,
        "title" : "Untitled",
        "transform" : [
          0.9907633,
          1.3193051e-09,
          -0.13560216,
          0,
          -0.052303,
          0.9226205,
          -0.38214654,
          0,
          0.12510931,
          0.3857091,
          0.9140985,
          0,
          43.73202,
          135.7948,
          322.2161,
          1
        ]
      },
      {
        "date" : 775382203.633085,
        "title" : "Untitled",
        "transform" : [
          1,
          0,
          0,
          0,
          0,
          0.7071069,
          -0.70710677,
          0,
          0,
          0.70710677,
          0.7071069,
          0,
          0,
          2021.3335,
          2021.334,
          1
        ]
      },
      {
        "date" : 775382139.050738,
        "title" : "Untitled",
        "transform" : [
          1,
          0,
          0,
          0,
          0,
          0.7071069,
          -0.70710677,
          0,
          0,
          0.70710677,
          0.7071069,
          0,
          0,
          20.446903,
          20.446907,
          1
        ]
      }
    ]
  },
  "sceneViewportBackgroundColors" : {

  },
  "selectedSceneRelativePath" : "BlackScene.usda"
}